1
 8 0 0 0 0 0 0
 0 0.02 6.63298 6.84658 28.0028 12.0535 11.1499 2170.06 2170.06 3.50156 5.63449 -2.81972 -6.51651 0 0 0
1
 19 0 0 0 0 0 0
 0 0.02 6.63298 0 28.0028 9.71392 9.71392 4.12841e-05 4.12841e-05 5.45328 -2 -8.97216 18.7222 0 0 0
1
 19 0 0 0 0 0 0
 0 0.02 6.63298 0 28.0028 9.71392 9.71392 4.12841e-05 4.12841e-05 5.45328 -2 -8.97216 18.7222 0 0 0
1
 8 0 0 0 0 0 0
 0 0.02 7.03798 7.10507 26.867 15.4454 10.5638 2036.1 2036.1 3.5062 5.59769 -2.72654 -6.51768 0 0 0
1
 19 0 0 0 0 0 0
 0 0.02 7.03798 0 26.867 9.16289 9.16289 3.89423e-05 3.89423e-05 5.46597 -2 -9.05141 18.8014 0 0 0
1
 19 0 0 0 0 0 0
 0 0.02 7.03798 0 26.867 9.16289 9.16289 3.89423e-05 3.89423e-05 5.46597 -2 -9.05141 18.8014 0 0 0
1
 8 0 0 0 0 0 0
 0 0.02 7.03798 7.10507 26.867 15.4454 10.5638 2036.1 2036.1 3.5062 5.59769 -2.72654 -6.51768 0 0 0
1
 19 0 0 0 0 0 0
 0 0.02 7.03798 0 26.867 9.16289 9.16289 3.89423e-05 3.89423e-05 5.46597 -2 -9.05141 18.8014 0 0 0
1
 19 0 0 0 0 0 0
 0 0.02 7.03798 0 26.867 9.16289 9.16289 3.89423e-05 3.89423e-05 5.46597 -2 -9.05141 18.8014 0 0 0
1
 8 0 0 0 0 0 0
 0 0.02 6.8214 6.89014 27.802 13.4901 11.0457 2154.39 2154.39 3.50154 5.62812 -2.82008 -6.50022 0 0 0
1
 19 0 0 0 0 0 0
 0 0.02 6.8214 0 27.802 8.5426 8.5426 3.63061e-05 3.63061e-05 5.48119 -2 -9.14653 18.8965 0 0 0
1
 19 0 0 0 0 0 0
 0 0.02 6.8214 0 27.802 8.5426 8.5426 3.63061e-05 3.63061e-05 5.48119 -2 -9.14653 18.8965 0 0 0
