1
 8 0 0 0 0 0 0
 0 0.02 6.68686 6.89568 27.7767 12.776 11.0326 2162.24 2162.24 3.50055 5.62732 -2.83971 -6.47858 0 0 0
1
 19 0 0 0 0 0 0
 0 0.02 6.68686 0 27.7767 9.58262 9.58262 4.07261e-05 4.07261e-05 5.45624 -2 -8.99062 18.7406 0 0 0
1
 19 0 0 0 0 0 0
 0 0.02 6.68686 0 27.7767 9.58262 9.58262 4.07261e-05 4.07261e-05 5.45624 -2 -8.99062 18.7406 0 0 0
1
 8 0 0 0 0 0 0
 0 0.02 6.67681 6.88986 27.8032 12.6753 11.0464 2164.61 2164.61 3.50053 5.62816 -2.84022 -6.48018 0 0 0
1
 19 0 0 0 0 0 0
 0 0.02 6.67681 0 27.8032 9.59804 9.59804 4.07917e-05 4.07917e-05 5.45589 -2 -8.98844 18.7384 0 0 0
1
 19 0 0 0 0 0 0
 0 0.02 6.67681 0 27.8032 9.59804 9.59804 4.07917e-05 4.07917e-05 5.45589 -2 -8.98844 18.7384 0 0 0
1
 8 0 0 0 0 0 0
 0 0.02 6.72729 6.93839 27.5842 13.0002 10.933 2145.49 2145.49 3.5007 5.62115 -2.8368 -6.46607 0 0 0
1
 19 0 0 0 0 0 0
 0 0.02 6.72729 0 27.5842 9.47019 9.47019 4.02483e-05 4.02483e-05 5.4588 -2 -9.00664 18.7566 0 0 0
1
 19 0 0 0 0 0 0
 0 0.02 6.72729 0 27.5842 9.47019 9.47019 4.02483e-05 4.02483e-05 5.4588 -2 -9.00664 18.7566 0 0 0
1
 8 0 0 0 0 0 0
 0 0.02 6.64031 6.85369 27.9698 12.2444 11.1328 2172.7 2172.7 3.50104 5.63345 -2.83011 -6.5035 0 0 0
1
 19 0 0 0 0 0 0
 0 0.02 6.64031 0 27.9698 9.69482 9.69482 4.1203e-05 4.1203e-05 5.45371 -2 -8.97483 18.7248 0 0 0
1
 19 0 0 0 0 0 0
 0 0.02 6.64031 0 27.9698 9.69482 9.69482 4.1203e-05 4.1203e-05 5.45371 -2 -8.97483 18.7248 0 0 0
1
 8 0 0 0 0 0 0
 0 0.02 6.64031 6.85369 27.9698 12.2444 11.1328 2172.7 2172.7 3.50104 5.63345 -2.83011 -6.5035 0 0 0
1
 19 0 0 0 0 0 0
 0 0.02 6.64031 0 27.9698 9.69482 9.69482 4.1203e-05 4.1203e-05 5.45371 -2 -8.97483 18.7248 0 0 0
1
 19 0 0 0 0 0 0
 0 0.02 6.64031 0 27.9698 9.69482 9.69482 4.1203e-05 4.1203e-05 5.45371 -2 -8.97483 18.7248 0 0 0
1
 8 0 0 0 0 0 0
 0 0.02 6.64031 6.85369 27.9698 12.2444 11.1328 2172.7 2172.7 3.50104 5.63345 -2.83011 -6.5035 0 0 0
1
 19 0 0 0 0 0 0
 0 0.02 6.64031 0 27.9698 9.69482 9.69482 4.1203e-05 4.1203e-05 5.45371 -2 -8.97483 18.7248 0 0 0
1
 19 0 0 0 0 0 0
 0 0.02 6.64031 0 27.9698 9.69482 9.69482 4.1203e-05 4.1203e-05 5.45371 -2 -8.97483 18.7248 0 0 0
1
 8 0 0 0 0 0 0
 0 0.02 6.64031 6.85369 27.9698 12.2444 11.1328 2172.7 2172.7 3.50104 5.63345 -2.83011 -6.5035 0 0 0
1
 19 0 0 0 0 0 0
 0 0.02 6.64031 0 27.9698 9.69482 9.69482 4.1203e-05 4.1203e-05 5.45371 -2 -8.97483 18.7248 0 0 0
1
 19 0 0 0 0 0 0
 0 0.02 6.64031 0 27.9698 9.69482 9.69482 4.1203e-05 4.1203e-05 5.45371 -2 -8.97483 18.7248 0 0 0
1
 8 0 0 0 0 0 0
 0 0.02 6.64031 6.85369 27.9698 12.2444 11.1328 2172.7 2172.7 3.50104 5.63345 -2.83011 -6.5035 0 0 0
1
 19 0 0 0 0 0 0
 0 0.02 6.64031 0 27.9698 9.69482 9.69482 4.1203e-05 4.1203e-05 5.45371 -2 -8.97483 18.7248 0 0 0
1
 19 0 0 0 0 0 0
 0 0.02 6.64031 0 27.9698 9.69482 9.69482 4.1203e-05 4.1203e-05 5.45371 -2 -8.97483 18.7248 0 0 0
